                       COPY PROTECTION CODES
                    BY DONKEYSOFT/MCC/ACS (A.C.U.)

               1                 2                 3
           90035805          74541218          50035205

               4                 5                 6
           04723894          89544756          60145272

               7                 8                 9
           16077065          94107834          70835827

              10                11                12
           58549234          09926134          86925814

              13                14                15
           69546156          18947672          98451863

                                16
                             76109634