Código de nivel Oxid Magnum:

  1. 12315524 35. 76231232
  2. 98242163 36. 27333386
  3. 89693796 37. 18604278
  4. 12343596 38. 03298891
  5. 93255867 39. 99454196
  6. 07659199 40. 41961156
  7. 96549204 41. 76588783
  8. 31222519 42. 85245124
  9. 63343665 43. 52876649
 10. 40222617 44. 50310209
 11. 44590444 45. 57899374
 12. 35787325 46. 13834195
 13. 68099940 47. 96169827
 14. 88815926 48. 89062821
 15. 13236967 49. 99490654
 16. 24629215
 17. 49344163
 18. 11076228
 19. 65670965
 20. 22763196
 21. 30124217
 22. 70220598
 23. 65870799
 24. 20527223
 25. 06002006
 26. 94254906
 27. 86510660
 28. 86993842
 29. 98493601
 30. 04496947
 31. 62087948
 32. 64526776
 33. 58468944
 34. 14213476