		       Jigsaw and Eye of Horus Codes

Page 1

      1      2     3      4      5      6      7      8      9      10     11     12
--------------------------------------------------------------------------------------
1  150111 978329 576284 430111 830989 979634 815869 537915 105451 835218 917835 793841 
2  796766 799897 390299 465419 175342 334104 998434 969348 698548 799348 211717 538615
3  528974 973934 524786 823669 221083 417422 832266 924482 863179 218185 180516 836138
4  529345 961328 877584 984138 886552 619227 443350 935620 775370 431553 637245 843252
5  668267 363699 600715 797618 704797 404953 847990 476638 754112 476762 476762 976365
6  813905 942623 587504 199220 170024 817435 504818 895231 595483 149493 343704 296778
7  227386 972904 262504 782704 257063 333061 518881 555232 372941 245225 133947 155810
8  142929 927449 324148 110285 218501 163844 401327 370057 421006 856916 213955 338018
9  244566 828218 456492 566410 998777 471255 288648 212815 801229 395243 626739 780671
10 420567 625366 217842 841989 481513 763876 599630 567880 536322 164956 150688 747506 
11 380700 262789 246736 516326 782731 869839 449955 415390 796629 450175 564199 715701
12 236024 316046 740351 344885 400860 478273 315950 838432 982174 298660 925100 538546
13 574870 117138 201760 512564 653395 461985 120475 480538 460214 969403 863755 857933
14 430606 196405 446083 230187 343539 239608 357394 936691 985964 132286 215493 990606
15 166769 895053 483944 180241 665562 752711 166110 680448 644509 580047 874508 600427
16 544190 214079 602281 914622 812573 134757 294595 271208 336631 174803 978590 363108 
17 261018 123538 828901 141761 913208 317625 154643 670382 805184 223280 360307 266017
18 522273 879631 273844 574293 337908 894737 403881 129058 918742 666413 549024 372859
19 651802 775219 446343 903594 748468 893515 537791 713380 682220 834724 672937 461614
20 398512 691036 573593 241270 289047 510929 182987 811666 220506 585966 426197 763725
21 755183 445327 850750 956027 861325 418946 250416 989233 228979 738099 305801 498295
22 503060 115971 383076 519677 361309 879905 536445 467053 582519 814413 376237 666331
23 614118 201087 839572 353948 462933 635350 630406 284556 554957 303645 283210 638549
24 195553 485922 174610 429548 326277 754826 596897 477696 419166 420677 605989 303480
25 140539 364976 537722 483532 395202 950190 875964 885769 961218 105026 945974 211044
26 489808 692382 483642 451603 210989 920500 542172 424577 420416 720416 960490 399514
27 700169 988684 748152 951234 614599 202735 698411 311061 617002 767749 921461 633976
28 612937 950520 247312 191488 684403 696791 886936 175785 337977 348249 158955 159985
29 761541 118566 925471 450148 992254 450299 847235 418768 153997 490467 806997 943681
30 860212 707695 430455 203244 138507 284790 866186 221192 514060 520927 764892 760964
31 977684 390959 649769 837086 761885 464622 430386 808425 595771 447154 952058 904350
32 267156 634718 646871 769314 184196 453979 576216 299511 874659 626190 461216 683415
33 414826 352301 831483 169213 662294 694154 556152 547692 549670 475416 860762 118031
34 525404 471900 339103 276138 497512 403538 593615 320756 639744 702339 541389 954846
35 643260 398416 891963 717404 893006 998612 195031 782882 707434 628305 991554 501866
36 229377 194070 757037 942527 990702 558253 787950 259466 138507 263929 431127 808576
37 614242 415719 215534 784722 149795 232591 169172 873231 741670 914485 217883 531185
38 659753 312997 752436 165025 549189 502868 446261 525953 528164 909184 383460 667581
39 183935 573771 496180 546415 720727 955654 497567 534880 261883 298852 724050 923864
40 447538 385864 619864 289419 508361 151374 516011 917547 541252 249496 851918 817160
==============================================================================================

Page 2

      1      2     3      4      5      6      7      8      9      10     11     12
--------------------------------------------------------------------------------------
1  520034 925595 776579 822447 391906 333940 930456 486814 717390 618458 145071 889257 
2  320454 919113 631999 140072 454803 813630 788059 268695 381607 948501 465583 323956
3  907028 965077 962316 584442 772431 398704 345832 911766 577946 675065 225958 468907
4  602432 906904 722155 574568 373820 653298 747067 698054 427378 713586 626670 478520
5  971792 405955 755773 487185 623951 614736 691586 645484 705470 115751 451177 336178
6  541608 839201 259713 624720 895423 214683 911656 394117 592379 931047 491360 592105
7  759893 286218 710620 144535 844694 823065 952759 859333 369343 137408 784475 292150
8  983836 385671 795434 983492 895368 338952 443940 101304 541677 281796 119555 486210
9  337524 677413 123497 886470 995852 776277 304634 609724 906506 280354 314178 783816
10 457495 346354 757943 808192 386441 254289 569102 458717 942404 665260 983438 872572
11 701858 522273 903663 100082 687109 260729 716360 483752 593670 276509 449818 703959
12 605192 336192 884506 339227 709370 902812 344335 953871 726591 339968 375372 626959
13 245912 957167 228814 605728 493434 307751 768669 166906 642559 330822 583549 249125
14 660508 478890 808110 801353 504324 581558 980183 148312 347233 173100 299456 977807 
15 816638 943228 133604 593945 439147 655097 232962 117097 438804 991224 357711 813822
16 313958 630158 614215 744856 565119 974671 367063 544410 379574 173059 498803 683621
17 874453 639360 519224 815374 329696 717143 984591 427378 722636 650126 436071 220396
18 790216 658737 207391 526997 137271 244223 496963 355281 407768 544314 493571 939822
19 339666 779119 281466 951440 395916 372872 979651 456163 420127 301145 543325 896673
20 137820 474656 140663 477284 712419 743565 327087 929742 182507 114337 945013 268118
21 658965 629197 673376 556564 388088 944972 624157 619351 753205 426609 551634 147653
22 353633 661387 824671 114666 147419 651760 971792 545632 210687 175366 652859 411627
23 496867 379862 389530 894682 514898 299415 141720 379684 257598 322116 187135 455215
24 951275 197036 341918 846122 676631 401766 528013 140992 744979 676837 323503 883380
25 664848 519252 587806 677537 373065 528181 568759 864552 795324 885234 860006 908181
26 878504 252751 678526 841687 712460 521861 170422 282922 293874 491827 343566 540332
27 455105 687136 528164 802053 544300 206278 792839 650895 832609 342070 778309 215452
28 947814 603530 379313 258738 621781 133700 567785 468344 762832 357546 633866 860707
29 853538 201431 289129 977313 623416 680297 854554 932749 441247 760951 175860 725588
30 212994 256761 549794 896316 975679 900408 340422 784214 448596 945246 779573 862643
31 422393 782855 178648 803962 269079 697436 829258 734570 446728 104971 146444 578907
32 198863 503788 641777 626451 441674 804676 543971 247244 815718 733650 320220 730986
33 995770 213021 847303 665136 851501 280024 185075 824781 982765 464677 234857 466737
34 371554 238551 451741 816487 206759 778295 144906 666757 162004 103158 158062 528796
35 426582 959968 507043 400805 556413 469744 812339 714520 945521 783033 398311 773981
36 779985 525692 697354 356201 684486 975679 963429 222140 244950 937048 646871 804635
37 927833 456149 105163 678553 420581 822872 387086 317858 563458 998379 956590 643466
38 775645 446055 626808 930319 838693 868891 747135 159545 993147 155206 164723 852577
39 700856 804264 795091 696983 508883 779325 325810 117262 509721 439889 417546 326112
40 416461 966835 718626 685585 540386 204067 676287 141020 290228 585224 394804 569088
========================================================================================

Page 3

      1      2     3      4      5      6      7      8      9      10     11     12
--------------------------------------------------------------------------------------
1  218569 452880 969183 570970 251336 291546 270054 794830 738923 767158 851258 583535 
2  210206 237672 102430 581159 578207 412725 250416 275547 386029 522795 572192 222373
3  158378 425538 362545 973289 485729 368890 577191 569871 822062 338636 517137 831016
4  123689 531927 175228 953610 950369 399816 183605 445314 628469 111837 287879 758946
5  810527 955917 971174 757518 923013 487213 200730 309948 843376 257379 238853 231286
6  802095 369055 728912 801504 475691 909019 167002 468508 921997 502690 214793 832183
7  495562 929756 436621 317474 460804 991279 363136 149534 291271 126229 111618 289610
8  923315 166247 276728 386701 221714 261567 346354 688894 508142 887403 534564 403085
9  272004 374328 221536 662678 922052 567715 397605 788581 139797 291244 518428 153242
10 149328 314878 910955 289912 760649 350035 426843 791712 605096 545742 248727 645841
11 908250 847303 577397 223527 882034 308067 631958 268585 391027 867875 759577 331701
12 714630 111686 324079 675917 149548 574705 198767 613967 362792 641200 853346 391975
13 145181 793772 922120 724449 476995 288250 540016 235049 132231 977272 742782 735696
14 697601 118759 459651 380563 441949 903952 466709 293304 986843 459458 851492 958334
15 372433 790724 946537 834985 683744 399569 558226 280340 915830 410720 604341 547267
16 574952 750253 428463 101469 536761 508210 317185 153901 763107 336796 311459 223596
17 382527 190156 683580 134963 967686 768820 125570 586886 536788 126614 243508 190348
18 692533 450408 874302 828572 792015 309619 771855 587628 306309 940550 939314 975720
19 194674 277525 311390 697024 227001 868067 456355 875360 499751 226947 777815 122013
20 849981 732263 399391 194715 878312 775466 117385 733705 311431 567770 578839 289170
21 105548 676850 550205 472724 556701 750473 325535 894421 474084 163954 567413 925045
22 987242 973948 753247 190623 493804 289967 627590 674502 723762 486581 450189 682591
23 410940 760868 496812 451315 696887 806091 914169 409773 186613 549642 997596 360884
24 164668 895602 668281 408386 247257 181806 826374 772253 214422 924922 211085 601965
25 754428 282400 471516 878642 914292 664738 274256 376759 553707 882322 727388 387306
26 387525 582231 647448 383172 289830 251130 444311 943969 774395 137889 812312 202735
27 955725 277484 486677 103062 478657 332772 136378 629870 205921 197256 374081 407603
28 284034 957208 922257 511451 803001 402687 709741 645608 230792 539054 341589 713174
29 435948 904515 925444 925691 453457 871212 203202 340930 424412 530403 746971 871034
30 310841 418356 400201 326551 808947 378132 136653 637684 112290 661717 930429 149095
31 866090 445190 347123 139303 232934 696997 795874 335794 450779 746916 150701 882734
32 993435 535498 835891 565573 586611 357052 603352 845806 774821 976324 194647 594906
33 966903 266264 206169 709823 416914 398814 470719 120310 397976 741175 675573 730450
34 868273 348277 629595 124334 536775 620477 839915 687809 245115 136103 302890 983314
35 741107 468206 206814 763793 272251 817489 771566 432446 369700 678993 492706 733705
36 457316 949517 460557 491758 204246 961369 737110 731864 816253 838583 705429 367764
37 367132 650469 749250 490371 984536 334201 758946 554696 321553 478479 137573 820263
38 367283 581105 461972 878161 968400 915322 871652 416914 288731 647036 700279 179362
39 347988 257942 591954 258683 448815 115943 919978 723995 852384 507043 400462 155604
40 654644 740969 988395 562593 842785 199906 926693 193315 651815 165093 840245 846919
========================================================================================

Page 4

      1      2     3      4      5      6      7      8      9      10     11     12
--------------------------------------------------------------------------------------
1  957318 105685 293318 399349 402796 798689 895698 422380 501055 689581 352053 974841
2  440013 672264 888708 813616 634883 790023 927600 223307 864881 786137 411009 139344 
3  377322 980979 874961 153887 575144 377899 696296 565490 836152 387306 524223 298262 
4  791520 910076 798098 796203 431224 515859 251473 934123 948117 366789 272911 131050
5  682536 714533 285119 115106 312832 758795 807327 260743 856120 222497 782305 833268
6  999876 939781 575048 471186 814056 852783 976310 776867 300335 294128 351669 116960
7  436524 599534 770028 578948 344473 684857 162951 838240 377830 528961 873313 509213
8  343786 685184 936828 605467 486567 964843 530197 923754 352809 272554 516697 717747
9  981474 173745 444380 425854 261869 909184 163281 901823 847193 631079 668006 477476
10 549890 576010 322898 689485 423094 735902 426307 683868 590525 390382 840451 693563
11 831044 916325 678800 838336 298564 195375 275149 111439 780410 365457 456478 280972
12 921873 136337 784036 196707 174624 708999 775082 871775 620916 904844 210179 781632
13 959968 530924 440988 788293 724078 464677 256060 520982 810252 834010 362229 247505
14 624830 114076 190142 552128 470967 651856 885728 153091 589248 627165 761582 828297
15 493832 788719 562524 585993 812449 650881 506040 804251 661703 759001 600688 367530
16 109475 252751 709768 274765 811103 623855 910845 358522 842456 280340 955162 867024
17 555383 224406 303302 738264 422160 323818 754277 453155 178208 655551 759426 670066
18 317790 312036 801147 694868 985690 800048 139440 658998 169007 771031 367997 955780
19 525912 804814 161138 779641 110134 515805 176039 142970 725424 632397 508609 721482
20 742851 192161 170188 986033 455572 248013 289239 976393 256774 840286 552870 222813
21 187231 283265 666578 622550 541993 148985 105973 779476 963800 108953 392469 837965
22 656182 550741 604080 518716 415293 197750 706527 753068 793566 244909 272183 661854 
23 560189 989974 940783 429617 690528 145497 896110 240295 232989 715399 513319 655770
24 415129 161427 223348 713146 356214 829135 428079 843280 490124 641625 725382 786631
25 592791 846342 682220 837155 115422 177069 405543 101744 798208 904377 414497 289596
26 125914 988917 221041 520790 237590 518826 491827 300061 319067 249331 840808 367118
27 319383 911820 430537 814537 811543 894915 841261 705813 408770 424494 957180 614118
28 935523 236601 158653 448307 616549 452894 297671 648231 104325 840794 242314 827239
29 701885 995138 432226 454734 572274 561563 690968 193754 885151 530746 267651 836138
30 956246 995138 416831 773173 365608 334860 102732 240693 567262 925498 939561 549986
31 530403 769149 162278 321250 968029 146073 655468 267651 955271 960119 534330 197297
32 611784 552018 417944 615382 562689 633551 881347 402151 610095 848402 327595 525445
33 695390 838020 216290 889999 974305 423396 482791 477064 752038 615135 947196 961341
34 673596 672167 244923 571917 838212 962770 812229 669860 130857 373161 345695 520323
35 737509 353688 655757 597488 541787 312297 700759 886085 902084 651403 447648 437815
36 779998 778598 693591 144439 946949 562057 917121 387731 529812 772129 721688 827665
37 255332 877680 919387 760786 973413 708491 341616 299621 997994 671852 291340 424000
38 140388 377720 435948 715660 331770 444819 571643 851052 639923 959048 386688 876060
39 708024 713462 371266 795915 861489 622935 609779 955244 477723 987077 749813 997225
40 248974 221755 971545 780960 683552 596966 713215 723693 321305 107772 248686 731123
======================================================================================
Codes for Activision games Jigsaw and Eye of Horus are brought to you by
The Southern Star for M.A.A.D.